.Random.seed <-
c(403L, 10L, 1614175412L, -1822251977L, -620181715L, -423050172L, 
-1439340182L, -2124511787L, 1753097071L, 585546358L, -1509704288L, 
488974947L, 383482625L, -1072582032L, 1136520718L, -552868231L, 
1450250763L, 17386298L, -160320964L, -753143425L, -137078059L, 
-422036756L, -885207998L, 593093533L, 1617099287L, 1925889918L, 
1718914360L, 577284635L, -411028615L, -1259354680L, -1868187146L, 
1752230961L, -640389533L, 119829042L, -645775484L, 2147470791L, 
2012873885L, 1708442644L, -1506745670L, -2015763707L, -104507169L, 
283001190L, 1144571120L, -150564845L, -142781007L, -528486304L, 
-1994285570L, 532875657L, -1774133573L, -1116005750L, -1051179668L, 
1652204271L, 1263435045L, 470608860L, -654284366L, -1573254995L, 
328874087L, 712150926L, 1675270248L, 1085047915L, 104058377L, 
468045976L, -2112816186L, -2055819487L, -1106117709L, 2054501154L, 
156026132L, -2013903465L, 269606285L, -871727964L, 239689354L, 
-1334913803L, 765766479L, 790975574L, 1125783296L, 1265644099L, 
-1158231583L, -903557808L, 975807406L, 1439760729L, -1383276693L, 
467930842L, 1425801116L, -1698618465L, 1226017269L, 2049846412L, 
415397218L, 1719978301L, 1071980983L, 598066782L, -2054762600L, 
311000827L, -1086720359L, -867279064L, -1288890922L, -1465427375L, 
423579907L, -2141795182L, -158334428L, 1211235559L, 1526231357L, 
-126589516L, -481551846L, 307093861L, -2040057857L, -1145256314L, 
-1216840176L, -1376795469L, 1291042641L, 1262744320L, 2083113438L, 
1821217321L, 273744347L, -589320470L, -1517101940L, 868762575L, 
-71943291L, -2036336580L, -498796270L, 672607757L, -1386881721L, 
-311183570L, 843582088L, 470104971L, -170173591L, 599987512L, 
-1561085978L, -814493823L, 996435731L, 1452224706L, 2059193204L, 
-1104742537L, -664989587L, 521268996L, 1316269610L, 1513390997L, 
-1009252305L, -1154645706L, -117825184L, -323240029L, -489617215L, 
-630638416L, -1163442226L, 717609785L, -1631800501L, -109680390L, 
1726034428L, 779784767L, -1047365867L, 783352876L, -677053182L, 
1129354717L, 453698775L, -152285250L, 1612900856L, 1079201243L, 
-544218055L, -1068857976L, -2097868490L, -1998836879L, 1972701603L, 
-1951107854L, 1215211588L, -1118385401L, -1951839523L, 561632212L, 
-732114182L, 1292158533L, -1794892129L, -1307581402L, 569954480L, 
809077075L, -444525455L, -1757558368L, 650364222L, -852327351L, 
-807874309L, -1104979766L, -1114669524L, -641547729L, 33094373L, 
-1311318116L, 1570044402L, -43150227L, 992261543L, 673750990L, 
1490812200L, 1810095915L, 97584457L, -1797117352L, -1155603706L, 
-857878815L, -2060580237L, 173421282L, -970379692L, -640600233L, 
1528220493L, 628637412L, 1641479882L, 1140244277L, -1774930545L, 
1746334358L, -1017050560L, 1485413123L, 951249697L, -1061483504L, 
-1221575698L, -646845543L, 148485163L, -1781288678L, -2114370596L, 
114173407L, 2121552309L, 970227532L, 615437730L, 415905021L, 
-510617097L, 112940830L, 473983448L, -1428372677L, -1033542439L, 
1411704936L, 229506454L, -766499567L, 1309361859L, 1061914322L, 
871186276L, -1798241625L, 166374397L, 1767720772L, 491428824L, 
-528455814L, 1126409264L, -1903745092L, 667535956L, 2047600706L, 
-1254099296L, -1509985604L, -1824530480L, 2052055394L, 2140904L, 
1262685388L, 241318396L, 242831858L, -167057280L, -198074892L, 
1971858056L, -925235398L, 1759891792L, -302157716L, -1582213740L, 
1509303378L, -502894112L, 1836540108L, -934352224L, -391108222L, 
1480076520L, -976669972L, -949098180L, -962288526L, -1349947792L, 
-1047624156L, -2016757704L, 828376346L, -1607311152L, -201974468L, 
336281492L, -848138366L, -1305280576L, 1559070268L, 1475934608L, 
-1167125470L, 1609742600L, -1450224500L, -1821400292L, -766932846L, 
795916672L, -870941676L, -512422104L, 436958778L, -1510137392L, 
-1797787284L, 1517557684L, 2144628242L, -1192356896L, 457496012L, 
-134368032L, 800538658L, -1973131480L, -1868831220L, 1539965756L, 
-748514318L, -896840976L, 581888580L, 1361577560L, 479799098L, 
1814152176L, 1444959932L, 1088042260L, 546246850L, -164250528L, 
737581436L, -2057377840L, -1731835614L, 185106088L, 370060172L, 
-770405188L, -29597902L, -1176964544L, 1241375924L, 1805997128L, 
623696314L, -1791963632L, 479377644L, -1556174508L, 526763794L, 
-1019648608L, -1238676788L, -1131624864L, -1205440574L, 1026851624L, 
-1826284116L, 653857084L, 236801906L, 957440304L, -1211662556L, 
-1873717960L, 408550106L, 975312784L, -561483012L, -742064236L, 
-1514637246L, 1270787328L, -1319711684L, 1887149392L, 508094626L, 
-1994094776L, 1446663948L, -1172440356L, 148423506L, 1651352192L, 
-314505132L, -1031234584L, -1543563526L, 149989712L, -2078432468L, 
-1468008588L, -1938992238L, 2082158176L, 995467148L, -414710944L, 
-199858206L, -1556336728L, -2055406388L, 700526076L, 1785498546L, 
-884135440L, 1885628868L, 1967354200L, -596466310L, -1117490768L, 
594644924L, -1302679468L, -989461566L, 1886561312L, -1065513796L, 
1675979344L, -1984966686L, 145012328L, -712521140L, -1039171332L, 
-1264734222L, 1741470976L, 2026002292L, -1570496504L, -2109942342L, 
-999055920L, -239483924L, -1697423468L, 613133266L, 359692128L, 
469275980L, -609944288L, -959016062L, 372665064L, -1439042324L, 
676248124L, 539417458L, 1194961520L, 2025785380L, 2033989432L, 
-1714013030L, -953470256L, -1223958340L, -1196775788L, -1623734654L, 
245226688L, 471552316L, -142614384L, -1161307614L, 2092242440L, 
54137100L, 960316060L, -371565038L, 1193061760L, -571494892L, 
1755047464L, 54744378L, 13060048L, 375161452L, 1024796468L, 1766036114L, 
-772982432L, 470532428L, -656531488L, 910249890L, 1689155496L, 
-2106442868L, 241637052L, -1602167950L, -1916409616L, -1752737724L, 
2048580952L, 264897594L, -2036161680L, 1378903100L, -1165976812L, 
-1848112702L, -344854304L, -917559428L, -318542128L, 1047365282L, 
1599005736L, -126138100L, 1197155260L, 660843826L, 1220435904L, 
-1996402124L, -2035184696L, 835191994L, -538169456L, 287950316L, 
-930578348L, -681144686L, -2045363424L, 246070732L, 1429253088L, 
-564604222L, -118920664L, 1219944108L, 1374139068L, 1234084338L, 
-596924112L, 1916148900L, 215339704L, 1366911834L, -543869152L, 
1519763582L, 2023818827L, 1664556109L, 1643938426L, 546994872L, 
-303042463L, -735358445L, 1382037556L, -755059134L, -2138529193L, 
1894977953L, -2028793242L, 1228345956L, -1988935275L, -1124697409L, 
1557422680L, 1645008502L, 42453635L, 954191557L, 1699683298L, 
-1431890352L, -956849287L, -1490302805L, -2060525540L, -2050150582L, 
2026161983L, 536689033L, 1284016542L, -1934737332L, 1528121885L, 
-1082579033L, 1451506384L, -1717056402L, -930335973L, -1736070019L, 
666763882L, 1095447304L, 99670961L, -1602188253L, -112630492L, 
1040138706L, 1739342375L, 1193921649L, 850055862L, -1819558316L, 
573645541L, 364437231L, 842316328L, -1701097850L, -1681020749L, 
-490594795L, 242700402L, 306879680L, -1270722263L, -1094563941L, 
-2079817620L, -575703942L, -300286545L, -1298383687L, 512485070L, 
1948124188L, 304904077L, -1649073673L, -1999350528L, 1570038622L, 
-1434770389L, 1371552557L, -1889769574L, 151352664L, -2016282431L, 
-1867421837L, -1066906476L, -1886078686L, 136095799L, 1448425729L, 
-1996952570L, -1023120828L, 168780661L, -1296881953L, -1557069256L, 
1766558230L, -455819741L, -1641956891L, -1114404862L, -1200553360L, 
-741496807L, -1640177141L, 601860348L, -1246178006L, 936831839L, 
245316329L, 413016574L, 1115762156L, -616907459L, 1406878983L, 
86181104L, -1381435250L, -47639877L, 465382045L, 942296650L, 
-1562790808L, 1643998289L, 115963715L, 1475105348L, 1288618226L, 
-1210094393L, -1329482095L, -19199978L, -1285918092L, -919567099L, 
761232207L, 1860130120L, -533051162L, 1242504723L, 1481400693L, 
1483617618L, -1555409504L, 1131005065L, 1369334971L, -376547572L, 
-1969504614L, 472908815L, -178847655L, 1229057262L, 2145216380L, 
-577498131L, -1148035945L, -668801184L, 101498686L, 934502411L, 
-1499469683L, -234360390L, -1094934536L, 1751473057L, 1837487443L, 
